person 0.77780 255 134 385 377
person 0.57378 528 72 680 425
person 0.43272 447 325 471 352
person 0.11543 547 109 662 387
person 0.11419 257 366 296 407
person 0.10932 442 324 467 350
person 0.04286 814 532 826 547
person 0.02408 816 535 827 550
person 0.01742 303 353 350 391
person 0.01706 434 321 461 350
person 0.01490 811 532 821 547
person 0.01355 253 235 366 412
person 0.01324 560 71 653 257
person 0.01315 292 293 361 359
person 0.01236 298 448 321 487
person 0.01184 812 529 823 542
person 0.00990 286 315 356 363
person 0.00921 820 534 831 549
person 0.00890 297 458 319 501
person 0.00780 574 541 595 571
person 0.00773 570 542 594 580
person 0.00705 804 526 814 538
person 0.00699 819 536 832 553
person 0.00563 636 553 660 585
person 0.00530 437 607 456 628
person 0.00507 257 374 291 418
person 0.00448 300 279 372 333
person 0.00398 631 552 654 586
person 0.00390 249 363 286 404
person 0.00315 287 302 337 374
person 0.00309 306 272 366 352
person 0.00287 636 531 663 570
person 0.00277 248 378 278 416
person 0.00275 298 315 350 384
person 0.00257 249 391 273 429
person 0.00250 273 546 299 583
person 0.00240 284 337 350 383
person 0.00238 770 535 782 550
person 0.00232 317 316 359 382
person 0.00225 450 607 469 628
person 0.00214 796 522 808 536
person 0.00209 269 538 291 569
person 0.00204 280 354 344 394
person 0.00197 264 546 292 584
person 0.00192 299 476 320 512
person 0.00189 809 521 819 532
person 0.00173 236 206 340 407
person 0.00171 294 343 335 398
person 0.00165 569 89 628 182
person 0.00151 255 301 297 376
person 0.00136 553 268 586 311
person 0.00122 249 345 276 383
person 0.00111 331 124 350 155
person 0.00101 260 309 330 366
person 0.00098 549 292 571 325
person 0.00098 632 521 656 557
person 0.00096 285 271 344 361
person 0.00096 619 603 642 630
person 0.00096 541 270 568 308
person 0.00093 930 613 954 633
person 0.00091 271 299 315 373
person 0.00089 453 76 736 618
person 0.00087 246 402 271 451
person 0.00086 559 291 583 325
person 0.00082 92 606 114 629
person 0.00073 348 600 373 629
person 0.00066 333 118 346 140
person 0.00063 337 273 376 347
person 0.00062 705 606 725 629
person 0.00061 283 267 362 324
person 0.00057 569 217 641 263
person 0.00053 931 603 955 635
person 0.00050 247 317 275 372
person 0.00050 545 251 587 298
person 0.00049 539 217 588 266
person 0.00044 612 221 659 292
person 0.00042 587 215 659 263
person 0.00038 555 218 615 265
person 0.00037 362 171 709 613
person 0.00037 527 141 621 359
person 0.00036 260 399 290 449
person 0.00036 275 280 354 338
person 0.00036 362 603 384 628
person 0.00035 614 239 660 311
person 0.00033 272 86 643 625
person 0.00031 618 256 657 319
person 0.00029 567 253 598 318
person 0.00028 574 241 631 308
person 0.00025 79 605 101 630
person 0.00024 266 337 310 394
person 0.00023 573 222 631 288
person 0.00020 554 228 616 280
person 0.00020 593 223 648 290
person 0.00020 617 248 669 299
person 0.00019 690 605 712 630
person 0.00018 246 298 275 362
person 0.00016 565 237 604 312
person 0.00015 594 241 646 309
person 0.00015 262 598 287 627
person 0.00015 571 194 629 254
