person 0.99888 238 161 324 434
person 0.00060 797 551 813 569
person 0.00049 275 394 307 451
person 0.00027 262 385 294 449
person 0.00026 249 365 279 434
person 0.00026 222 182 342 475
person 0.00025 773 409 777 413
person 0.00023 764 404 767 409
person 0.00020 741 425 744 430
person 0.00020 251 391 276 445
person 0.00020 237 227 262 311
person 0.00019 732 428 736 433
person 0.00019 244 240 334 450
person 0.00019 763 415 767 419
person 0.00018 778 526 862 574
person 0.00017 852 494 860 516
person 0.00017 851 502 859 523
person 0.00017 853 401 859 418
person 0.00017 747 416 751 421
person 0.00017 853 399 860 413
person 0.00016 852 506 860 531
person 0.00016 746 428 749 433
person 0.00015 727 425 730 430
person 0.00015 787 410 790 414
person 0.00015 757 410 760 414
person 0.00015 853 414 860 428
person 0.00014 852 490 859 507
person 0.00013 564 562 574 571
person 0.00013 733 417 736 423
person 0.00013 239 250 262 320
person 0.00013 853 482 860 501
person 0.00013 788 423 791 428
person 0.00012 773 397 776 402
person 0.00012 853 28 860 48
person 0.00012 755 424 758 429
person 0.00012 853 389 860 407
person 0.00012 772 423 776 427
person 0.00011 809 551 827 569
person 0.00011 853 353 859 367
person 0.00011 258 329 300 429
person 0.00010 851 516 860 538
person 0.00010 850 23 859 46
person 0.00009 851 11 860 31
person 0.00009 852 180 860 199
person 0.00009 273 364 311 438
person 0.00009 852 164 860 184
person 0.00008 852 195 860 215
person 0.00008 853 476 859 492
person 0.00008 851 224 860 246
person 0.00008 851 239 860 261
person 0.00008 852 210 860 230
person 0.00008 854 430 860 443
person 0.00008 849 17 860 38
person 0.00008 852 519 860 547
person 0.00008 853 384 859 399
person 0.00008 850 38 860 61
person 0.00007 851 87 860 107
person 0.00007 853 337 859 352
person 0.00007 853 369 859 383
person 0.00007 852 148 860 168
person 0.00007 13 558 19 569
person 0.00007 241 307 263 365
person 0.00007 270 336 312 427
person 0.00007 243 293 264 352
person 0.00006 851 255 860 276
person 0.00006 852 287 860 306
person 0.00006 441 418 444 422
person 0.00006 802 424 805 429
person 0.00006 769 394 864 574
person 0.00006 612 555 626 569
person 0.00006 851 71 860 92
person 0.00006 547 417 550 421
person 0.00006 597 554 611 569
person 0.00006 852 132 860 154
person 0.00006 851 271 860 291
person 0.00006 849 545 860 570
person 0.00005 817 482 864 576
person 0.00005 851 531 860 555
person 0.00005 502 418 505 423
person 0.00005 840 550 860 574
person 0.00005 533 418 536 422
person 0.00005 455 419 458 424
person 0.00005 852 118 860 139
person 0.00005 850 54 860 77
person 0.00005 846 538 861 571
person 0.00005 852 103 860 122
person 0.00005 486 418 489 423
person 0.00005 572 562 583 571
person 0.00005 853 304 860 321
person 0.00005 472 420 475 424
person 0.00004 845 10 860 28
person 0.00004 14 556 25 572
person 0.00004 555 557 567 569
person 0.00004 854 461 860 476
person 0.00004 516 418 519 422
person 0.00004 853 321 860 337
person 0.00004 14 554 20 566
person 0.00004 12 551 23 569
person 0.00004 255 280 305 423
person 0.00004 8 543 16 564
