person 0.99346 100 293 131 367
person 0.79695 354 374 371 415
person 0.72219 558 336 571 372
person 0.67258 563 335 577 372
person 0.64082 576 336 590 378
person 0.58823 580 337 595 378
person 0.56099 572 336 585 376
person 0.49528 411 358 423 384
person 0.47509 406 356 419 385
person 0.45042 472 332 515 429
person 0.43843 358 375 375 415
person 0.35040 566 338 580 377
person 0.34266 400 355 412 384
person 0.32307 585 339 598 378
person 0.32234 274 321 351 453
person 0.30495 392 351 405 387
person 0.27657 282 337 341 427
person 0.26622 414 358 426 386
person 0.25253 555 338 567 373
person 0.21988 588 339 603 380
person 0.19421 397 359 410 390
person 0.17353 392 450 404 472
person 0.14591 390 350 402 381
person 0.14019 386 448 398 471
person 0.13400 182 247 224 321
person 0.12971 409 361 422 389
person 0.10155 385 398 399 428
person 0.09872 463 319 527 458
person 0.08541 388 357 400 391
person 0.08302 390 447 403 468
person 0.07391 675 363 687 393
person 0.06509 591 338 609 380
person 0.06440 411 352 421 376
person 0.06234 403 346 416 377
person 0.06097 375 397 390 431
person 0.05587 684 370 693 394
person 0.05425 396 448 410 471
person 0.05319 671 369 683 396
person 0.05136 515 340 535 382
person 0.04961 475 341 508 414
person 0.04829 687 360 697 385
person 0.04733 399 345 410 374
person 0.04694 527 343 541 378
person 0.04591 675 370 684 391
person 0.04464 670 356 683 386
person 0.04417 690 364 700 390
person 0.04246 400 443 414 464
person 0.04073 470 489 483 503
person 0.03609 408 443 421 465
person 0.03130 362 369 377 412
person 0.03027 652 351 667 386
person 0.03020 596 341 611 377
person 0.02911 556 334 566 361
person 0.02641 684 359 691 379
person 0.02576 151 426 169 448
person 0.02194 481 415 498 447
person 0.02060 674 349 688 382
person 0.01987 654 348 672 381
person 0.01864 657 359 673 392
person 0.01841 509 339 528 381
person 0.01835 484 340 512 400
person 0.01742 689 360 697 380
person 0.01714 414 440 427 461
person 0.01658 479 341 506 393
person 0.01584 693 357 703 382
person 0.01515 487 411 505 446
person 0.01512 466 451 482 473
person 0.01503 492 336 519 390
person 0.01429 496 333 526 410
person 0.01403 530 341 543 373
person 0.01318 346 365 367 406
person 0.01280 504 338 525 392
person 0.01199 464 440 479 470
person 0.01191 583 332 594 361
person 0.01169 574 350 585 386
person 0.01071 473 352 500 438
person 0.01058 366 374 380 413
person 0.01011 485 400 509 452
person 0.00995 515 339 529 372
person 0.00989 652 360 667 395
person 0.00985 467 439 481 462
person 0.00983 403 337 414 365
person 0.00968 344 553 367 588
person 0.00938 343 366 359 414
person 0.00884 114 307 140 367
person 0.00849 474 347 498 405
person 0.00833 377 361 391 398
person 0.00786 381 381 399 430
person 0.00784 425 322 435 345
person 0.00713 101 318 118 370
person 0.00689 395 366 408 404
person 0.00652 389 334 401 361
person 0.00645 407 448 420 470
person 0.00614 550 351 563 388
person 0.00605 465 452 480 481
person 0.00602 432 322 442 343
person 0.00591 506 342 535 394
person 0.00588 391 385 405 427
person 0.00568 812 492 828 513
person 0.00525 503 408 532 447
