person 0.96142 145 391 190 506
person 0.92247 96 439 121 508
person 0.91052 313 389 358 499
person 0.77598 63 396 97 519
person 0.77049 340 380 355 430
person 0.76543 6 390 45 519
person 0.75140 742 389 800 549
person 0.72314 275 390 305 476
person 0.68733 47 393 91 524
person 0.67736 830 434 880 593
person 0.66619 723 393 754 486
person 0.60423 466 383 520 537
person 0.56512 132 442 156 510
person 0.56181 240 391 279 492
person 0.51057 184 394 212 456
person 0.50981 320 421 358 506
person 0.49680 73 386 107 496
person 0.48737 111 395 138 496
person 0.47319 348 384 364 434
person 0.47196 258 390 289 482
person 0.45784 308 387 346 487
person 0.45769 232 443 258 513
person 0.45609 837 475 877 590
person 0.44407 177 389 205 457
person 0.41404 229 367 253 440
person 0.39986 84 396 118 503
person 0.35919 387 375 400 397
person 0.33827 402 426 424 473
person 0.33291 38 387 73 520
person 0.33242 344 379 359 427
person 0.32985 684 406 713 477
person 0.32417 842 391 877 462
person 0.32007 236 368 253 416
person 0.30313 877 411 911 479
person 0.29091 847 391 882 486
person 0.28117 415 372 427 394
person 0.27948 413 373 424 395
person 0.27043 831 397 872 499
person 0.25797 240 367 255 407
person 0.24294 833 395 863 457
person 0.24242 228 409 260 509
person 0.23681 401 377 415 404
person 0.23660 414 374 427 403
person 0.22382 393 377 405 399
person 0.21877 810 376 832 443
person 0.18643 196 390 219 457
person 0.18609 405 372 416 394
person 0.18428 743 364 755 391
person 0.17492 116 397 137 459
person 0.16047 671 339 682 359
person 0.15549 428 374 439 398
person 0.15503 228 384 256 476
person 0.15359 252 394 283 470
person 0.15167 668 342 679 364
person 0.14942 798 354 811 384
person 0.14896 827 394 851 454
person 0.14705 853 393 889 463
person 0.14506 255 368 269 400
person 0.14318 673 406 700 469
person 0.14219 516 359 525 381
person 0.13444 524 355 533 376
person 0.13273 304 388 326 447
person 0.13121 747 367 761 396
person 0.13081 214 384 235 449
person 0.13007 505 366 516 391
person 0.12894 213 423 238 488
person 0.12764 265 340 274 365
person 0.12690 275 340 285 366
person 0.12343 437 371 447 393
person 0.11919 775 351 787 379
person 0.11325 791 351 803 379
person 0.11152 443 401 458 443
person 0.11096 434 377 446 406
person 0.11041 741 360 752 381
person 0.11029 828 400 862 479
person 0.11005 253 412 282 492
person 0.10871 88 392 113 484
person 0.10700 205 394 227 457
person 0.10569 784 354 798 383
person 0.10541 520 365 531 391
person 0.10472 509 357 519 378
person 0.10436 531 358 541 378
person 0.10244 736 368 750 396
person 0.10229 313 387 339 457
person 0.10223 281 392 312 471
person 0.10196 532 388 560 472
person 0.10152 808 372 821 406
person 0.09997 419 360 428 378
person 0.09975 125 395 146 457
person 0.09966 817 434 856 510
person 0.09599 775 395 813 529
person 0.09465 233 397 266 483
person 0.09260 790 373 803 410
person 0.09211 519 380 533 408
person 0.09060 166 389 199 462
person 0.09031 115 387 134 439
person 0.09024 768 353 781 381
person 0.08866 804 350 816 381
person 0.08747 812 371 827 402
person 0.08501 502 377 515 405
