person 0.97633 546 109 668 315
person 0.96336 105 112 240 326
person 0.87574 815 59 920 261
person 0.37779 440 232 551 457
person 0.16345 797 38 948 332
person 0.16020 906 125 946 235
person 0.15443 85 231 194 397
person 0.13496 422 453 444 489
person 0.13247 414 452 438 491
person 0.10762 539 493 564 517
person 0.09406 172 426 197 469
person 0.08550 911 127 941 209
person 0.08350 116 285 232 478
person 0.08136 87 243 218 464
person 0.07139 837 89 953 312
person 0.06678 412 461 437 498
person 0.06486 427 450 448 484
person 0.06427 886 113 957 302
person 0.06379 527 583 564 631
person 0.06007 428 459 449 495
person 0.05963 422 462 443 504
person 0.05627 373 466 398 498
person 0.05123 429 451 456 499
person 0.04825 531 489 560 519
person 0.04564 549 252 611 322
person 0.04424 411 453 432 487
person 0.04293 298 417 364 495
person 0.04266 413 483 432 511
person 0.04082 353 425 388 476
person 0.03707 532 498 555 522
person 0.02894 513 260 549 354
person 0.02578 108 238 164 344
person 0.02105 480 445 521 494
person 0.02017 364 432 390 470
person 0.01733 237 385 267 443
person 0.01679 485 497 503 518
person 0.01597 164 418 195 470
person 0.01550 370 450 398 496
person 0.01532 547 361 579 423
person 0.01507 490 489 518 523
person 0.01492 415 442 436 477
person 0.01458 529 257 559 340
person 0.01434 815 492 845 551
person 0.01399 126 244 174 340
person 0.01322 29 220 232 579
person 0.01274 243 385 273 455
person 0.01225 121 264 184 375
person 0.01219 784 28 955 461
person 0.01177 423 442 443 473
person 0.01140 527 494 552 519
person 0.01135 486 492 510 522
person 0.01046 621 587 650 628
person 0.00996 423 393 445 429
person 0.00954 366 441 394 488
person 0.00941 249 367 282 435
person 0.00865 545 244 590 316
person 0.00803 542 478 569 510
person 0.00797 629 581 654 631
person 0.00783 500 486 526 519
person 0.00747 101 235 145 318
person 0.00732 320 425 370 488
person 0.00712 821 497 849 561
person 0.00712 539 254 572 321
person 0.00700 488 233 531 339
person 0.00671 140 276 193 375
person 0.00661 369 427 389 460
person 0.00643 250 397 285 465
person 0.00620 265 404 309 505
person 0.00617 521 246 554 314
person 0.00615 812 498 841 563
person 0.00613 813 520 839 574
person 0.00559 458 443 514 489
person 0.00553 515 243 547 320
person 0.00541 254 397 294 479
person 0.00536 110 244 171 305
person 0.00509 474 231 522 329
person 0.00477 126 259 176 318
person 0.00455 516 392 548 453
person 0.00447 493 238 536 316
person 0.00434 507 487 534 522
person 0.00427 88 237 122 320
person 0.00415 924 136 945 181
person 0.00393 262 385 303 452
person 0.00389 38 434 60 480
person 0.00361 149 261 190 344
person 0.00360 382 451 406 490
person 0.00347 339 222 648 591
person 0.00330 511 500 530 525
person 0.00323 467 445 503 501
person 0.00315 530 479 558 510
person 0.00315 480 488 501 524
person 0.00306 666 558 699 624
person 0.00287 209 451 236 516
person 0.00285 346 438 376 498
person 0.00284 126 245 189 307
person 0.00280 187 338 230 431
person 0.00267 410 438 429 472
person 0.00256 790 453 821 528
person 0.00247 392 448 416 489
person 0.00233 419 412 443 452
