person 0.99517 300 125 338 242
person 0.99059 53 118 78 195
person 0.97150 218 139 256 265
person 0.94264 188 121 223 201
person 0.93916 357 155 388 240
person 0.89463 74 121 100 193
person 0.88652 141 123 158 175
person 0.88039 114 151 151 280
person 0.88030 291 183 306 230
person 0.82199 172 185 204 277
person 0.78250 338 164 357 207
person 0.62987 6 113 13 128
person 0.60663 90 117 98 137
person 0.57896 94 117 102 135
person 0.52078 7 113 10 127
person 0.49456 359 162 374 196
person 0.47559 87 117 95 138
person 0.46962 18 105 26 123
person 0.46417 109 118 142 215
person 0.46306 98 117 106 135
person 0.41792 78 127 98 177
